service_id,monday,tuesday,wednesday,thursday,friday,saturday,sunday,start_date,end_date
IDFM:1,1,1,1,1,1,0,0,20240229,20240329
IDFM:10,1,1,0,1,1,0,0,20240229,20240329
IDFM:894,0,0,0,1,0,0,1,20240229,20240328
IDFM:959,1,1,1,0,1,1,0,20240301,20240329
IDFM:8525,0,0,1,0,0,1,0,20240302,20240327
IDFM:10000,0,0,0,0,0,1,0,20240302,20240323
IDFM:10017,0,0,0,0,0,0,1,20240303,20240324
IDFM:10028,0,0,0,0,0,1,0,20240316,20240316
IDFM:11440,1,1,1,1,1,1,0,20240229,20240329
IDFM:11534,0,0,0,0,0,0,1,20240317,20240317
IDFM:11703,0,0,1,0,0,1,0,20240302,20240327
IDFM:14934,0,0,1,0,1,0,0,20240301,20240329
IDFM:14938,1,1,0,1,0,0,0,20240229,20240328
IDFM:15377,0,1,1,1,1,1,0,20240229,20240329
IDFM:63576,1,1,0,0,1,0,0,20240301,20240329
IDFM:67478,0,0,0,0,0,1,0,20240229,20240323
IDFM:70582,1,1,1,1,1,0,1,20240301,20240329
IDFM:71134,1,1,0,1,0,0,0,20240304,20240328
IDFM:71442,1,1,1,1,0,1,0,20240302,20240328
IDFM:100000,1,1,1,1,1,0,0,20240304,20240329
IDFM:100026,0,0,0,0,0,1,0,20240302,20240323
IDFM:100028,0,0,0,0,0,0,1,20240303,20240324
IDFM:100039,0,0,0,1,1,0,0,20240229,20240301
IDFM:100041,0,0,0,0,0,0,1,20240303,20240303
IDFM:100166,0,0,0,0,0,0,1,20240310,20240324
IDFM:100362,0,0,1,0,0,0,0,20240306,20240327
IDFM:100363,0,0,0,1,0,0,0,20240229,20240229
IDFM:100664,1,1,1,1,1,0,0,20240301,20240329
IDFM:100746,1,1,0,1,1,0,0,20240301,20240329
IDFM:101212,0,0,0,0,1,0,0,20240301,20240329
IDFM:101220,1,1,1,1,0,0,0,20240304,20240328
IDFM:101494,1,1,1,1,1,1,0,20240229,20240329
IDFM:101495,1,1,1,1,1,1,1,20240229,20240329
IDFM:101497,0,0,0,0,0,1,1,20240302,20240324
IDFM:105240,1,1,1,1,1,0,1,20240229,20240329
IDFM:108219,1,1,1,1,0,0,0,20240229,20240328
IDFM:112884,0,0,0,0,0,1,0,20240229,20240323
IDFM:118553,0,0,0,0,1,0,0,20240301,20240301
IDFM:118795,0,0,0,0,0,0,1,20240229,20240324
IDFM:120305,0,0,0,0,1,1,0,20240301,20240329
IDFM:120319,1,0,0,0,0,0,0,20240304,20240325
IDFM:120324,0,1,1,1,0,0,0,20240229,20240328
IDFM:120329,0,1,1,1,0,0,1,20240229,20240328
IDFM:121757,1,1,1,1,0,0,1,20240229,20240328
IDFM:129994,0,0,0,0,0,1,0,20240309,20240323
IDFM:130125,0,0,0,0,0,1,0,20240302,20240302
IDFM:130351,0,0,0,0,1,0,0,20240308,20240329
IDFM:133765,0,1,1,1,1,0,0,20240229,20240329
IDFM:133982,0,0,0,0,0,1,1,20240229,20240324
IDFM:137073,0,0,0,0,1,0,0,20240229,20240329
IDFM:142166,1,1,1,1,1,1,0,20240301,20240329
IDFM:142701,1,1,1,1,1,1,1,20240301,20240329
IDFM:142832,0,0,1,1,1,1,1,20240229,20240329
IDFM:142838,0,0,1,1,1,1,0,20240229,20240329
IDFM:144542,1,1,0,1,1,1,0,20240229,20240329
IDFM:144648,1,1,1,1,1,1,0,20240304,20240329
IDFM:144663,0,0,0,1,1,1,0,20240229,20240302
IDFM:144903,0,0,0,0,1,0,1,20240301,20240329
IDFM:145019,1,1,1,1,0,1,1,20240229,20240328
IDFM:147511,1,1,1,1,0,1,0,20240229,20240328
IDFM:151751,0,0,0,0,0,1,1,20240302,20240324
IDFM:153619,1,1,1,1,1,0,0,20240229,20240329
IDFM:155896,1,1,1,1,0,0,0,20240229,20240329
IDFM:155900,0,0,0,0,1,0,0,20240301,20240322
IDFM:155913,1,1,1,0,0,0,0,20240304,20240320
IDFM:155914,0,0,0,1,1,0,0,20240229,20240329
IDFM:156008,0,0,0,1,0,0,1,20240229,20240329
IDFM:156011,0,0,0,1,0,1,1,20240229,20240329
IDFM:156012,0,0,0,1,1,1,1,20240229,20240329
IDFM:156041,0,0,0,1,1,1,0,20240229,20240329
IDFM:156181,0,0,0,0,1,1,0,20240301,20240323
IDFM:156342,1,1,1,1,0,0,1,20240229,20240329
IDFM:156850,1,1,1,1,0,1,0,20240229,20240329
IDFM:164878,0,0,0,0,0,0,1,20240303,20240317
IDFM:164882,0,0,0,0,0,1,1,20240302,20240317
IDFM:164894,1,1,1,1,1,0,0,20240229,20240329
IDFM:165001,1,1,1,1,1,1,0,20240229,20240329
IDFM:165082,1,1,1,1,1,1,0,20240229,20240329
IDFM:165219,0,0,0,0,0,1,0,20240302,20240316
IDFM:165284,0,0,0,0,1,1,0,20240301,20240329
IDFM:165487,1,1,1,1,0,1,0,20240229,20240328
IDFM:165708,1,1,1,1,0,0,0,20240229,20240328
IDFM:166554,1,1,1,1,1,1,0,20240229,20240329
IDFM:166557,1,1,1,1,1,0,1,20240229,20240329
IDFM:166560,0,0,0,0,0,0,1,20240302,20240324
IDFM:166565,0,0,0,0,0,1,1,20240302,20240303
IDFM:166571,0,0,0,0,1,0,0,20240301,20240329
IDFM:166616,1,1,1,1,1,0,0,20240229,20240329
IDFM:166629,1,1,1,1,0,0,0,20240229,20240328
IDFM:166637,1,1,1,1,1,0,0,20240229,20240329
IDFM:166902,0,0,0,0,0,1,1,20240309,20240324
IDFM:166922,1,1,1,1,0,1,0,20240229,20240328
IDFM:166931,0,0,0,0,1,1,0,20240301,20240329
IDFM:167068,0,0,0,0,0,1,0,20240302,20240323
IDFM:167075,1,1,1,1,1,1,0,20240229,20240329
IDFM:167095,1,1,1,1,1,0,1,20240229,20240329
IDFM:167650,1,1,1,1,0,0,1,20240229,20240328
IDFM:168171,1,1,1,1,0,0,0,20240229,20240328
IDFM:168239,1,1,1,1,1,1,1,20240229,20240329
IDFM:169063,0,0,0,0,0,1,0,20240303,20240323
IDFM:169096,0,0,0,0,0,0,1,20240302,20240324
IDFM:174848,0,0,0,0,1,1,1,20240301,20240329
IDFM:177130,0,1,0,0,0,0,0,20240305,20240326
IDFM:177132,1,1,1,0,0,1,1,20240302,20240327
IDFM:177135,1,1,1,0,1,1,1,20240301,20240329
IDFM:177143,0,0,0,1,0,0,0,20240229,20240328
IDFM:177144,0,0,1,1,1,0,0,20240229,20240329
IDFM:177146,1,0,1,1,1,1,1,20240229,20240329
IDFM:177164,0,0,0,1,1,0,0,20240229,20240329
IDFM:177195,1,0,0,0,0,1,1,20240302,20240325
IDFM:177212,0,0,1,1,0,0,0,20240229,20240328
IDFM:177254,1,1,1,0,0,0,0,20240304,20240327
IDFM:177380,1,0,1,0,0,1,1,20240302,20240327
IDFM:179933,0,0,0,0,0,1,1,20240302,20240324
IDFM:181504,0,0,0,0,0,1,1,20240302,20240323
IDFM:181505,1,1,1,1,1,0,0,20240229,20240322
IDFM:181536,1,1,1,1,1,0,0,20240325,20240329
IDFM:181540,0,0,0,0,0,0,1,20240324,20240324
IDFM:181556,1,1,1,1,1,1,1,20240229,20240323
IDFM:185755,1,0,1,1,0,0,0,20240229,20240328
IDFM:185762,0,1,0,0,1,0,0,20240301,20240329
IDFM:185775,1,0,1,1,0,0,1,20240229,20240328
IDFM:185779,0,1,0,0,0,1,0,20240302,20240326
IDFM:185780,0,1,0,0,1,1,0,20240301,20240329
IDFM:185787,0,1,0,0,1,0,1,20240301,20240329
IDFM:185998,1,0,1,1,0,1,0,20240229,20240328
IDFM:186112,0,1,0,0,0,0,1,20240303,20240326
IDFM:186292,1,0,1,1,1,0,0,20240229,20240329
IDFM:186887,0,1,0,0,0,1,1,20240302,20240326
IDFM:186897,0,1,0,0,1,1,1,20240301,20240329
IDFM:197075,1,1,1,0,0,0,0,20240304,20240322
IDFM:197094,1,1,1,0,0,0,0,20240304,20240320
IDFM:199630,1,1,1,1,0,1,1,20240229,20240328
IDFM:199868,0,0,0,0,0,1,0,20240323,20240323
IDFM:199911,0,0,0,0,0,0,1,20240310,20240324
IDFM:199917,0,0,0,0,0,0,1,20240310,20240324
IDFM:202050,0,0,0,0,0,1,0,20240309,20240316
IDFM:202098,0,0,0,0,0,0,1,20240310,20240317
IDFM:202211,0,0,0,0,0,1,1,20240309,20240317
IDFM:202631,0,0,0,0,0,1,0,20240302,20240323
IDFM:202762,1,1,1,1,1,0,0,20240229,20240329
IDFM:205207,1,1,1,1,1,0,0,20240229,20240329
IDFM:205756,1,1,1,1,1,0,0,20240311,20240329
IDFM:205763,1,1,0,1,1,0,0,20240311,20240329
IDFM:205764,0,0,1,0,0,0,0,20240313,20240327
IDFM:205850,0,0,0,0,1,0,0,20240315,20240329
IDFM:207141,0,0,0,0,0,0,1,20240303,20240317
IDFM:207661,0,0,0,0,0,1,1,20240302,20240317
IDFM:207664,0,0,0,0,0,1,1,20240302,20240317
IDFM:228203,1,0,1,0,0,0,0,20240304,20240327
IDFM:228666,1,0,0,1,0,0,0,20240229,20240328
IDFM:236994,1,1,1,0,1,0,0,20240301,20240329
IDFM:243907,0,1,1,1,1,1,1,20240229,20240329
IDFM:250604,0,0,0,1,1,0,0,20240229,20240308
IDFM:252062,1,1,0,1,1,0,0,20240304,20240329
IDFM:259728,0,1,0,1,0,0,0,20240229,20240328
IDFM:282748,1,1,1,1,1,1,1,20240302,20240329
IDFM:291141,1,0,0,1,1,0,0,20240229,20240329
IDFM:291151,0,0,1,1,0,1,0,20240229,20240328
IDFM:291172,0,0,1,1,0,1,1,20240229,20240328
IDFM:291181,0,0,1,1,0,0,1,20240229,20240328
IDFM:291368,0,0,0,0,0,0,1,20240303,20240328
IDFM:291371,1,0,0,0,1,0,0,20240301,20240329
IDFM:291373,1,1,1,0,0,1,0,20240302,20240327
IDFM:291374,1,0,0,1,1,0,0,20240229,20240329
IDFM:291376,1,1,0,0,1,0,1,20240303,20240329
IDFM:291383,0,0,1,0,0,0,0,20240301,20240327
IDFM:291385,0,1,0,0,0,0,0,20240319,20240326
IDFM:291387,1,1,0,0,1,1,0,20240301,20240329
IDFM:291389,0,1,0,0,0,0,1,20240303,20240328
IDFM:291395,0,0,1,0,1,1,1,20240301,20240329
IDFM:291403,1,0,1,0,1,0,0,20240301,20240329
IDFM:291407,0,0,0,0,0,0,1,20240303,20240327
IDFM:291408,0,0,0,1,0,1,0,20240229,20240328
IDFM:291410,1,1,0,1,1,0,0,20240229,20240329
IDFM:291411,0,0,0,1,0,0,0,20240328,20240328
IDFM:291416,0,0,0,1,0,0,0,20240229,20240328
IDFM:291424,0,1,0,1,1,0,0,20240301,20240329
IDFM:291425,0,0,0,0,0,0,1,20240229,20240324
IDFM:291429,0,0,0,1,1,1,1,20240229,20240329
IDFM:291431,1,0,1,0,0,0,0,20240304,20240325
IDFM:291436,0,0,1,0,0,0,0,20240320,20240327
IDFM:291437,1,1,1,1,0,1,1,20240229,20240328
IDFM:291438,1,0,0,0,0,1,0,20240302,20240327
IDFM:291439,0,0,1,0,0,1,1,20240302,20240327
IDFM:291445,1,0,0,0,1,0,0,20240311,20240329
IDFM:291446,0,1,1,0,0,0,1,20240303,20240327
IDFM:291447,0,1,1,0,1,0,0,20240301,20240329
IDFM:291451,0,0,0,0,0,1,0,20240302,20240326
IDFM:291464,0,0,0,0,1,0,0,20240301,20240329
IDFM:291470,0,0,0,0,1,1,0,20240301,20240329
IDFM:291472,1,0,1,0,1,0,0,20240301,20240329
IDFM:291839,1,1,1,1,1,0,0,20240229,20240329
IDFM:292277,0,0,0,0,0,0,1,20240303,20240324
IDFM:292354,0,0,0,0,0,1,0,20240302,20240323
IDFM:297814,1,0,0,0,0,0,1,20240303,20240325
IDFM:304647,0,1,1,1,1,0,0,20240301,20240329
IDFM:TN:897195,0,1,0,0,0,0,0,20240227,20240227
IDFM:TN:1000039,0,0,1,0,0,0,0,20240228,20240228
IDFM:TN:1017830,0,0,0,1,0,0,0,20240229,20240229
IDFM:TN:1077842,0,0,0,0,1,0,0,20240301,20240301
IDFM:TN:1107807,0,0,0,0,0,1,0,20240302,20240302
IDFM:TN:1107829,0,1,1,1,1,1,0,20240305,20240330
IDFM:TN:1108053,1,1,1,1,1,0,0,20240304,20240330
IDFM:TN:1108287,0,0,0,0,0,0,1,20240303,20240303
IDFM:TN:1108288,0,0,0,0,0,1,1,20240303,20240330
IDFM:TN:1108319,0,0,0,0,0,0,1,20240303,20240324
IDFM:TN:1108364,0,0,0,0,0,1,0,20240309,20240330
IDFM:TN:1108366,0,0,0,0,0,1,0,20240309,20240330
IDFM:TN:1108368,1,1,1,1,1,0,0,20240311,20240329
IDFM:TN:1108370,1,0,0,0,0,0,0,20240304,20240325
IDFM:TN:1108371,0,0,0,0,0,1,0,20240323,20240323
IDFM:TN:1108438,1,1,1,1,1,0,0,20240325,20240329
IDFM:TN:1108439,0,1,1,1,1,1,0,20240326,20240330
IDFM:TN:1108472,1,0,1,1,1,0,0,20240304,20240329
IDFM:TN:1108493,0,1,0,0,0,0,0,20240305,20240326
IDFM:TN:1108497,0,1,1,1,1,0,0,20240305,20240322
IDFM:TN:1108498,0,0,0,0,0,1,0,20240309,20240323
IDFM:TN:1108536,1,0,1,1,0,0,0,20240304,20240328
IDFM:TN:1108537,0,1,0,0,1,0,0,20240312,20240329
IDFM:TN:1108707,1,0,0,0,0,0,0,20240304,20240329
IDFM:TN:1108833,1,1,1,1,1,1,1,20240303,20240330
IDFM:TN:1108861,1,1,1,1,1,1,0,20240304,20240330
IDFM:TN:1109006,0,0,0,0,1,0,0,20240322,20240329
IDFM:TN:1109008,0,0,0,0,0,1,0,20240323,20240330
IDFM:TN:1109041,0,0,0,0,0,1,1,20240303,20240330
IDFM:TN:1109109,0,0,0,0,0,0,1,20240303,20240324
IDFM:TN:1109147,1,0,0,0,0,0,0,20240304,20240325
IDFM:TN:1109214,0,0,0,0,0,1,0,20240309,20240309
IDFM:TN:1109226,0,0,0,0,0,1,1,20240310,20240330
IDFM:TN:1109725,1,1,1,1,1,1,1,20240303,20240330
IDFM:TN:1109726,0,0,0,0,0,1,1,20240303,20240330
IDFM:TN:1109782,0,0,0,0,0,0,1,20240303,20240310
IDFM:TN:1109783,1,1,1,1,1,0,0,20240304,20240329
IDFM:TN:1109801,1,1,1,1,1,1,0,20240304,20240330
IDFM:TN:1109803,0,0,0,0,0,1,0,20240309,20240330
IDFM:TN:1109810,0,0,0,0,0,1,0,20240309,20240330
IDFM:TN:1109812,1,0,0,0,0,0,0,20240318,20240318
IDFM:TN:1110271,0,0,0,0,0,0,1,20240324,20240324
IDFM:TN:1110339,1,1,1,1,1,0,0,20240304,20240322
IDFM:TN:1110904,0,0,0,0,0,1,1,20240303,20240330
IDFM:TN:1110959,1,0,0,0,0,0,0,20240311,20240325
IDFM:TN:1110966,0,0,0,0,0,1,1,20240316,20240317
IDFM:TN:1110967,0,0,0,0,0,1,0,20240316,20240316
IDFM:TN:1110992,0,0,0,0,0,0,1,20240303,20240324
IDFM:TN:1110997,1,0,0,0,0,0,0,20240304,20240325
IDFM:TN:1111076,1,0,0,0,0,0,0,20240304,20240318
IDFM:TN:1111088,0,1,1,1,1,0,0,20240305,20240329
IDFM:TN:1111089,0,0,0,0,0,1,0,20240309,20240330
IDFM:TN:1111090,0,0,0,0,0,0,1,20240310,20240310
IDFM:TN:1111161,1,1,1,1,1,0,0,20240304,20240329
IDFM:TN:1111163,1,1,1,1,1,0,0,20240304,20240329
IDFM:TN:1111167,1,1,1,1,1,0,0,20240311,20240315
IDFM:TN:1111250,1,0,0,0,0,0,0,20240311,20240325
IDFM:TN:1111278,0,1,1,1,1,0,0,20240312,20240329
IDFM:TN:1111296,1,1,1,1,1,0,0,20240318,20240329
IDFM:TN:1111418,0,0,0,0,0,0,1,20240303,20240324
IDFM:TN:1111425,1,1,1,1,1,0,0,20240303,20240329
IDFM:TN:1111486,1,1,1,1,1,0,0,20240304,20240329
IDFM:TN:1111551,1,1,1,1,1,0,0,20240304,20240315
IDFM:TN:1111570,0,0,0,0,0,1,1,20240309,20240310
IDFM:TN:1111965,1,1,1,1,1,0,0,20240318,20240322
IDFM:TN:1111968,0,1,0,0,0,0,0,20240326,20240326
IDFM:TN:1112053,1,0,0,0,0,0,0,20240304,20240311
IDFM:TN:1112110,1,1,1,1,1,0,0,20240312,20240329
IDFM:TN:1112352,1,0,1,1,1,0,0,20240304,20240322
IDFM:TN:1112353,1,1,1,1,1,0,0,20240304,20240329
IDFM:TN:1112376,1,0,1,1,1,0,0,20240325,20240329
IDFM:TN:1112377,1,0,1,0,1,0,0,20240325,20240329
IDFM:TN:1112405,1,1,1,1,1,1,0,20240304,20240329
IDFM:TN:1112746,0,0,0,1,0,0,0,20240328,20240328
IDFM:TN:1112944,1,1,1,1,1,0,0,20240303,20240330
IDFM:TN:1113067,1,0,0,0,0,0,0,20240304,20240325
IDFM:TN:1113068,0,1,1,1,1,0,0,20240305,20240330
IDFM:TN:1113116,1,0,0,0,0,0,0,20240311,20240311
IDFM:TN:1113271,1,1,1,1,1,0,0,20240304,20240322
IDFM:TN:1113295,1,1,1,1,0,0,0,20240304,20240328
IDFM:TN:1113299,0,0,0,0,1,0,0,20240322,20240329
IDFM:TN:1113446,1,0,0,0,0,0,0,20240318,20240329
IDFM:TN:1113552,1,0,0,0,0,0,0,20240304,20240325
IDFM:TN:1113950,0,0,0,0,1,0,0,20240315,20240315
IDFM:TN:1114139,0,0,0,0,0,1,1,20240303,20240324
IDFM:TN:1114149,1,1,1,1,1,1,1,20240303,20240329
IDFM:TN:1114199,1,0,1,0,0,0,0,20240304,20240306
IDFM:TN:1114205,1,1,1,0,0,0,0,20240304,20240306
IDFM:TN:1114206,1,0,0,0,0,0,0,20240304,20240328
IDFM:TN:1114226,1,1,1,1,1,0,0,20240304,20240321
IDFM:TN:1114248,0,1,0,0,0,0,0,20240305,20240305
IDFM:TN:1114249,0,1,1,0,0,0,0,20240305,20240306
IDFM:TN:1114250,0,0,0,1,0,0,0,20240307,20240321
IDFM:TN:1114251,0,0,0,0,1,0,0,20240308,20240329
IDFM:TN:1114253,0,1,1,1,0,0,0,20240312,20240314
IDFM:TN:1114254,0,0,0,0,0,1,0,20240316,20240323
IDFM:TN:1114262,1,1,0,1,1,0,0,20240318,20240322
IDFM:TN:1114263,0,0,0,0,1,0,0,20240322,20240322
IDFM:TN:1114318,0,0,1,0,0,0,0,20240305,20240327
IDFM:TN:1114480,0,0,0,0,0,0,1,20240303,20240324
IDFM:TN:1114522,1,1,1,1,1,0,0,20240304,20240329
IDFM:TN:1114565,1,1,1,1,1,0,0,20240304,20240329
IDFM:TN:1114569,0,0,0,0,1,0,0,20240308,20240308
IDFM:TN:1114577,0,0,0,0,0,1,0,20240316,20240323
IDFM:TN:1114837,1,1,1,1,1,0,0,20240304,20240329
IDFM:TN:1114855,0,1,1,1,1,0,0,20240305,20240308
IDFM:TN:1114856,1,1,1,1,1,0,0,20240308,20240329
IDFM:TN:1115246,1,1,1,1,1,0,0,20240304,20240329
IDFM:TN:1115263,0,1,1,1,1,1,1,20240305,20240310
IDFM:TN:1115264,0,1,0,1,1,0,0,20240308,20240329
IDFM:TN:1115266,1,1,1,1,1,0,0,20240308,20240329
IDFM:TN:1115267,1,1,1,1,1,0,0,20240308,20240329
IDFM:TN:1115412,1,1,0,1,1,0,0,20240304,20240329
IDFM:TN:1115421,1,1,1,1,0,0,0,20240318,20240321
IDFM:TN:1115429,0,0,1,0,0,0,0,20240327,20240327
IDFM:TN:1115437,1,1,1,1,1,0,0,20240304,20240329
IDFM:TN:1115438,1,1,1,1,1,0,0,20240307,20240329
IDFM:TN:1115439,1,1,1,1,1,0,0,20240307,20240329
IDFM:TN:1115449,1,1,1,1,0,0,0,20240307,20240328
IDFM:TN:1115456,0,0,1,0,0,0,0,20240320,20240320
IDFM:TN:1115725,1,1,1,1,1,1,0,20240311,20240329
IDFM:TN:1115726,1,1,1,1,1,1,1,20240311,20240329
IDFM:TN:1115727,1,1,1,1,1,1,1,20240311,20240329
IDFM:TN:1115730,1,1,1,1,1,1,1,20240311,20240329
IDFM:TN:1115743,0,0,0,0,0,0,1,20240317,20240324
IDFM:TN:1115949,1,1,1,1,1,1,1,20240311,20240329
IDFM:TN:1115952,0,1,0,0,0,0,0,20240312,20240312
IDFM:TN:1115961,0,0,0,1,0,0,0,20240307,20240307
IDFM:TN:1116085,1,1,1,1,1,1,0,20240304,20240330
IDFM:TN:1116089,0,0,0,0,0,0,1,20240303,20240317
IDFM:TN:1116144,1,1,1,1,1,0,0,20240304,20240329
IDFM:TN:1116204,1,1,1,1,1,1,0,20240304,20240330
IDFM:TN:1116277,0,0,0,0,0,0,1,20240303,20240310
IDFM:TN:1116285,0,0,0,0,0,1,0,20240304,20240330
IDFM:TN:1116472,0,0,0,0,0,1,1,20240303,20240317
IDFM:TN:1116501,0,0,0,0,0,1,1,20240303,20240330
IDFM:TN:1116780,1,1,1,1,1,0,0,20240304,20240329
IDFM:TN:1116782,0,0,0,0,0,1,0,20240309,20240330
IDFM:TN:1116787,0,0,0,0,0,1,0,20240309,20240330
IDFM:TN:1116801,1,1,1,1,1,0,0,20240311,20240329
IDFM:TN:1116802,1,1,1,1,1,0,0,20240311,20240324
IDFM:TN:1116804,1,1,1,1,1,0,0,20240311,20240323
IDFM:TN:1116807,0,1,1,1,1,0,0,20240311,20240323
IDFM:TN:1116947,0,0,0,0,0,0,1,20240303,20240324
IDFM:TN:1117031,0,0,1,0,0,1,1,20240306,20240310
IDFM:TN:1117041,0,0,0,0,0,1,0,20240309,20240323
IDFM:TN:1117044,1,1,1,1,1,0,0,20240311,20240322
IDFM:TN:1117045,1,1,1,0,0,0,0,20240311,20240329
IDFM:TN:1117050,1,1,1,1,1,0,0,20240311,20240324
IDFM:TN:1117051,0,0,0,1,0,0,0,20240314,20240321
IDFM:TN:1117052,0,0,0,0,1,0,0,20240315,20240322
IDFM:TN:1117053,1,0,0,1,1,0,0,20240318,20240322
IDFM:TN:1117074,1,0,0,0,0,0,0,20240325,20240325
IDFM:TN:1117132,1,0,0,1,0,0,0,20240304,20240307
IDFM:TN:1117136,0,1,1,0,1,0,0,20240305,20240308
IDFM:TN:1117154,1,1,1,1,1,0,0,20240311,20240329
IDFM:TN:1117160,0,1,1,0,0,1,0,20240326,20240330
IDFM:TN:1117223,1,1,0,1,0,0,0,20240304,20240328
IDFM:TN:1117238,0,1,1,0,0,0,0,20240312,20240313
IDFM:TN:1117239,1,0,0,1,0,0,0,20240318,20240321
IDFM:TN:1117258,1,1,1,1,0,0,0,20240304,20240307
IDFM:TN:1117261,1,1,1,1,0,0,0,20240311,20240314
IDFM:TN:1117273,0,0,0,0,1,0,1,20240315,20240317
IDFM:TN:1117411,1,1,1,1,0,0,0,20240304,20240328
IDFM:TN:1117485,1,0,0,0,0,0,1,20240303,20240325
IDFM:TN:1117599,1,1,1,1,0,0,0,20240311,20240328
IDFM:TN:1117673,0,0,0,0,1,0,0,20240308,20240329
IDFM:TN:1117717,1,1,1,1,0,0,0,20240318,20240328
IDFM:TN:1117799,1,1,0,0,0,0,0,20240304,20240305
IDFM:TN:1117800,0,0,1,1,0,0,0,20240306,20240307
IDFM:TN:1117873,0,0,0,0,0,0,1,20240303,20240324
IDFM:TN:1117945,1,1,1,1,0,0,0,20240304,20240321
IDFM:TN:1117980,1,1,1,1,0,0,0,20240325,20240328
IDFM:TN:1118085,1,1,1,1,1,1,1,20240304,20240330
IDFM:TN:1118086,1,0,1,1,1,1,1,20240304,20240330
IDFM:TN:1118088,0,1,1,1,1,1,1,20240304,20240330
IDFM:TN:1118108,1,0,0,0,0,0,0,20240311,20240325
IDFM:TN:1118223,1,1,1,1,1,0,0,20240304,20240329
IDFM:TN:1118224,1,1,0,1,1,0,0,20240304,20240329
IDFM:TN:1118228,1,1,1,0,1,0,0,20240304,20240329
IDFM:TN:1118235,0,0,1,0,0,0,0,20240313,20240313
IDFM:TN:1118236,0,0,0,1,0,0,0,20240314,20240328
IDFM:TN:1118343,1,1,1,1,1,1,1,20240304,20240330
IDFM:TN:1118370,1,1,1,0,1,0,0,20240325,20240329
IDFM:TN:1118398,1,1,0,1,1,0,0,20240304,20240329
IDFM:TN:1118518,1,0,0,0,0,0,1,20240310,20240325
IDFM:TN:1118521,0,0,1,0,0,0,0,20240306,20240327
IDFM:TN:1118558,0,0,0,0,0,1,1,20240304,20240330
IDFM:TN:1118560,0,1,1,1,1,1,1,20240304,20240330
IDFM:TN:1118574,1,1,1,1,1,0,0,20240304,20240329
IDFM:TN:1118575,0,0,0,1,1,0,0,20240307,20240329
IDFM:TN:1118589,0,0,0,0,0,1,0,20240309,20240330
IDFM:TN:1118594,1,0,0,0,0,0,0,20240311,20240329
IDFM:TN:1118837,0,0,1,0,0,0,0,20240313,20240327
IDFM:TN:1118914,1,1,0,1,1,1,1,20240304,20240330
IDFM:TN:1119033,0,1,1,1,1,1,1,20240304,20240330
IDFM:TN:1119036,1,0,1,1,1,1,1,20240304,20240329
IDFM:TN:1119037,1,0,1,0,0,1,1,20240304,20240330
IDFM:TN:1119051,0,0,0,1,1,0,0,20240307,20240329
IDFM:TN:1119057,0,0,0,0,0,1,1,20240309,20240330
IDFM:TN:1119070,0,1,0,0,0,0,0,20240312,20240326
IDFM:TN:1119072,1,1,0,1,1,0,0,20240325,20240329
IDFM:TN:1119165,1,1,1,1,1,0,0,20240304,20240328
IDFM:TN:1119166,1,1,1,1,1,1,1,20240304,20240330
IDFM:TN:1119265,1,1,1,1,1,1,1,20240304,20240330
IDFM:TN:1119266,1,1,1,1,1,0,0,20240304,20240329
IDFM:TN:1119273,0,0,0,0,0,1,1,20240309,20240330
IDFM:TN:1119274,0,0,0,0,0,1,1,20240309,20240317
IDFM:TN:1119592,0,0,0,1,0,0,0,20240314,20240314
IDFM:TN:1120683,1,1,1,1,1,0,0,20240304,20240325
IDFM:TN:1120766,0,1,1,1,1,0,0,20240326,20240329
IDFM:TN:1121189,0,1,1,1,1,1,0,20240305,20240323
IDFM:TN:1121408,0,0,0,0,0,1,0,20240309,20240316
IDFM:TN:1122657,1,0,0,0,0,0,0,20240304,20240325
IDFM:TN:1122847,1,1,1,1,1,0,0,20240304,20240329
IDFM:TN:1122885,0,1,1,1,1,0,0,20240312,20240329
IDFM:TN:1122886,0,1,1,1,1,0,0,20240312,20240322
IDFM:TN:1123863,1,0,0,0,0,0,0,20240303,20240325
IDFM:TN:1123892,0,0,0,0,0,0,1,20240310,20240317
IDFM:TN:1124173,1,0,0,0,0,0,1,20240303,20240318
IDFM:TN:1126619,0,1,1,1,1,1,1,20240303,20240330
IDFM:TN:1126620,1,0,0,0,0,0,0,20240304,20240318
IDFM:TN:1126797,1,1,1,1,0,0,0,20240304,20240328
IDFM:TN:1126883,1,0,0,0,0,0,0,20240304,20240325
IDFM:TN:1126885,0,1,1,1,1,0,0,20240305,20240329
IDFM:TN:1126886,0,1,1,1,0,0,0,20240305,20240314
IDFM:TN:1126887,0,0,0,0,1,0,0,20240308,20240315
IDFM:TN:1126888,0,1,1,1,0,0,0,20240319,20240321
IDFM:TN:1126905,1,0,0,0,0,0,0,20240304,20240325
IDFM:TN:1126961,0,1,1,1,1,0,0,20240305,20240329
IDFM:TN:1126974,0,0,0,0,1,0,0,20240308,20240329
IDFM:TN:1127391,1,0,0,0,0,0,0,20240304,20240325
IDFM:TN:1127399,0,1,1,1,1,0,0,20240305,20240328
IDFM:TN:1127407,0,0,0,0,1,0,0,20240308,20240328
IDFM:TN:1127418,0,0,0,0,1,0,0,20240329,20240329
IDFM:TN:1127476,0,1,1,1,0,0,0,20240326,20240328
IDFM:TN:1127570,1,0,0,0,0,0,1,20240303,20240325
IDFM:TN:1127580,0,1,1,1,1,0,0,20240305,20240330
IDFM:TN:1127582,0,0,0,0,1,0,0,20240308,20240329
IDFM:TN:1127644,0,1,1,1,0,0,0,20240305,20240329
IDFM:TN:1127992,1,1,1,1,0,0,0,20240304,20240328
IDFM:TN:1127993,0,0,0,0,1,0,0,20240308,20240329
IDFM:TN:1127997,0,1,1,1,0,0,0,20240305,20240328
IDFM:TN:1128005,0,1,0,0,0,0,0,20240305,20240326
IDFM:TN:1128006,0,0,1,1,1,1,0,20240306,20240330
IDFM:TN:1128007,0,1,0,0,0,0,0,20240305,20240326
IDFM:TN:1128009,0,0,1,1,1,0,0,20240320,20240322
IDFM:TN:1128336,0,1,1,1,1,1,0,20240305,20240329
IDFM:TN:1128728,1,0,0,0,0,0,1,20240303,20240325
IDFM:TN:1128830,0,1,1,1,1,0,0,20240305,20240329
IDFM:TN:1128862,1,1,0,0,0,0,0,20240318,20240326
IDFM:TN:1128863,0,0,1,1,0,0,0,20240320,20240329
IDFM:TN:1129037,0,1,1,1,1,1,0,20240312,20240330
IDFM:TN:1129046,1,0,0,0,0,0,0,20240304,20240315
IDFM:TN:1129065,1,1,1,1,1,0,0,20240304,20240330
IDFM:TN:1129123,1,1,1,1,1,0,1,20240303,20240329
IDFM:TN:1129130,1,1,1,1,1,1,1,20240311,20240330
IDFM:TN:1129131,1,1,1,1,1,0,1,20240315,20240329
IDFM:TN:1129144,0,0,0,0,0,1,1,20240303,20240324
IDFM:TN:1129146,1,0,0,1,0,0,0,20240304,20240314
IDFM:TN:1129147,0,0,0,0,1,0,0,20240308,20240329
IDFM:TN:1129165,1,1,1,1,1,1,1,20240303,20240330
IDFM:TN:1129268,0,0,0,0,0,1,0,20240303,20240330
IDFM:TN:1129290,0,0,0,0,0,0,1,20240310,20240329
IDFM:TN:1129334,1,1,0,1,1,1,1,20240304,20240330
IDFM:TN:1129335,1,1,0,1,1,1,0,20240304,20240330
IDFM:TN:1129356,0,0,1,0,0,0,0,20240313,20240327
IDFM:TN:1129430,0,0,0,0,0,1,0,20240316,20240330
IDFM:TN:1129453,1,1,1,1,1,0,0,20240304,20240329
IDFM:TN:1129618,1,1,1,1,1,0,1,20240303,20240329
IDFM:TN:1129653,1,1,1,1,1,0,0,20240304,20240329
IDFM:TN:1129673,0,0,0,0,1,1,0,20240308,20240309
IDFM:TN:1129725,0,1,0,0,0,0,0,20240319,20240319
IDFM:TN:1129748,1,1,1,1,1,0,0,20240308,20240329
IDFM:TN:1129763,1,1,1,1,1,1,0,20240308,20240330
IDFM:TN:1132147,0,1,1,1,1,1,0,20240305,20240330
IDFM:TN:1132268,1,0,0,0,0,0,1,20240310,20240318
IDFM:TN:1132296,0,1,1,1,1,1,0,20240305,20240309
IDFM:TN:1132303,0,1,1,1,1,1,0,20240312,20240330
IDFM:TN:1132398,1,1,1,1,1,0,0,20240311,20240329
IDFM:TN:1132688,0,1,1,1,1,1,0,20240304,20240330
IDFM:TN:1132980,1,1,1,1,1,0,0,20240304,20240330
IDFM:TN:1132983,0,1,1,1,1,1,0,20240305,20240330
IDFM:TN:1133548,1,1,1,1,1,0,0,20240304,20240329
IDFM:TN:1134526,1,1,1,1,1,1,0,20240304,20240330
IDFM:TN:1134545,0,0,0,0,0,0,1,20240309,20240324
IDFM:TN:1134554,0,0,0,0,0,1,0,20240308,20240330
IDFM:TN:1134880,1,0,0,0,1,1,0,20240309,20240329
IDFM:TN:1134887,1,0,0,0,1,1,0,20240304,20240329
IDFM:TN:1134888,0,0,1,0,0,0,0,20240305,20240313
IDFM:TN:1134966,1,1,0,1,1,0,0,20240304,20240329
IDFM:TN:1134976,0,0,0,0,1,0,0,20240308,20240329
IDFM:TN:1135081,0,0,0,0,0,0,1,20240310,20240330
IDFM:TN:1136606,1,1,1,1,1,0,0,20240303,20240324
IDFM:TN:1136791,1,1,1,1,0,0,0,20240304,20240328
IDFM:TN:1136807,0,1,1,1,1,0,0,20240305,20240315
IDFM:TN:1136809,0,1,1,1,1,0,0,20240319,20240329
IDFM:TN:00eb49d2-adc8-3bf2-abff-862711d61d59,0,0,0,0,0,0,1,20240310,20240324
IDFM:TN:006fafec-f310-39af-b495-2ecbcbb9423e,0,0,0,0,0,1,1,20240316,20240324
IDFM:TN:6a1c10b5-11bf-3aaf-8206-0e82361fee78,1,1,1,1,1,1,1,20240304,20240324
IDFM:TN:011541c3-42ee-3521-b97b-6cc8cacf2fe0,1,1,1,1,1,1,1,20240304,20240329
IDFM:TN:08efb7be-86a4-304f-93c2-81117d4fc830,1,1,1,1,1,1,1,20240304,20240324
IDFM:TN:8d7b4cbc-7336-3ad0-81e6-1e3d77ce6f87,1,1,1,1,1,1,1,20240304,20240324
IDFM:TN:d431392a-5705-3b60-ad60-35234ce8ec33,0,0,0,0,0,0,1,20240316,20240324
IDFM:TN:78c3687f-aa1a-302a-9294-9f3db2b916f6,1,1,1,1,1,0,1,20240304,20240324
IDFM:TN:3efe8c35-e3ac-332b-9fd7-b91680f14d1e,1,1,1,1,1,0,0,20240304,20240329
IDFM:TN:0aeeafae-4be6-3029-b6e8-c0e6aa24350a,1,1,1,1,1,0,0,20240308,20240329
IDFM:TN:06e179e5-d782-3f6c-bbd8-44a17c027c0d,1,1,1,1,1,1,1,20240311,20240329
IDFM:TN:be88403e-e20f-3a5b-89ef-acae99bd8f3f,0,0,0,0,0,1,1,20240304,20240324
IDFM:TN:0b5b5dd8-7fa2-393b-8313-300a856b92b9,0,0,0,0,1,0,0,20240308,20240329
IDFM:TN:3fc9f65d-bd74-3594-8622-51722da88d7a,0,0,0,0,0,1,1,20240304,20240324
IDFM:TN:13ccdd63-30fb-35de-80f3-c5d1e47dc49d,1,1,1,1,1,1,1,20240304,20240329
IDFM:TN:0350352f-07e6-39c2-bcf0-bcbe67623b31,1,1,1,1,1,0,1,20240304,20240329
IDFM:TN:36ec462d-64a2-33c4-b354-2e725bb2c8c1,1,1,1,1,1,1,1,20240304,20240329
IDFM:TN:99d4e329-a738-382d-9f42-74da9e290aff,1,1,1,1,1,1,1,20240304,20240329
IDFM:TN:020a9db8-717e-3641-8f04-4de4c363830a,0,0,0,0,0,1,1,20240309,20240330
IDFM:TN:47eec7b8-df1a-3a87-a69a-b7dc050fae54,1,1,1,1,1,1,0,20240309,20240330
IDFM:TN:0ab4b870-1075-3d95-9b43-f88d88c06260,0,0,0,0,0,1,1,20240309,20240330
IDFM:TN:2b342b93-11d9-37f3-b8b2-7afaf656c0a3,1,0,0,0,0,0,0,20240304,20240325
IDFM:TN:190700ff-8fb0-3e16-8903-f6e7d927d46e,1,1,1,1,1,1,1,20240304,20240330
IDFM:TN:4a6ce946-85ce-38c7-b787-1127837546d9,0,0,0,0,0,1,0,20240309,20240330
IDFM:TN:06275934-c6f4-3cca-b537-0eca91574ca4,1,1,1,1,1,0,0,20240304,20240329
IDFM:TN:6f262e95-8662-39ba-8628-fec3e128b196,1,0,1,1,1,0,0,20240304,20240329
IDFM:TN:0879503f-13f4-3d05-91cd-18a7c0caaf37,0,0,0,0,0,0,1,20240317,20240324
IDFM:TN:2ee2a7ad-e415-303f-9846-7f8f7d54acef,1,0,0,0,0,0,0,20240304,20240325
IDFM:TN:067afed9-b540-3974-859a-c9a2e9e3be0d,0,0,0,0,0,0,1,20240317,20240317
IDFM:TN:0242b641-51f1-3d7d-ab4c-5710e0eca5f4,1,1,1,1,1,0,0,20240304,20240329
IDFM:TN:8811ef75-2204-3d6e-8894-976bb49aeac2,0,1,0,0,0,0,0,20240305,20240319
IDFM:TN:0a0f01ec-e0c2-36ab-8ac7-50adbda9bdb8,1,1,1,1,1,0,0,20240304,20240329
IDFM:TN:9c018afe-196a-3fa6-8760-a85f952db4b2,1,1,1,1,1,0,0,20240304,20240328
IDFM:TN:fa9f3ca5-64c4-3a2b-81b2-a63013130fff,0,0,0,0,0,0,1,20240309,20240317
IDFM:TN:6ed901e8-2e50-351d-91b2-62682477406e,1,1,1,1,1,0,0,20240304,20240330
IDFM:TN:5f79033d-3419-31dc-b26a-14ff2dc7b40b,0,0,0,0,0,1,1,20240317,20240330
IDFM:TN:0fe7d1b0-4748-3a88-a781-b0b5b985a5ab,1,1,1,1,1,0,0,20240304,20240330
IDFM:TN:dafe2ba0-e5b6-3d95-b1cc-3ad417a0326e,0,1,0,0,0,0,0,20240305,20240330
IDFM:TN:26029ae4-0733-34ce-9861-6c2ef3876401,0,1,0,0,0,0,0,20240305,20240326
IDFM:TN:00074b15-c2aa-30d0-a43c-ca55f957a78f,0,0,0,0,0,1,1,20240309,20240330
IDFM:TN:053e1235-3be3-3a6d-8921-9d9bac20cf47,0,0,0,0,0,1,1,20240323,20240324
IDFM:TN:0175c01b-42e0-3699-beff-6c4ccec13032,0,0,0,0,0,1,0,20240330,20240330
IDFM:TN:02ef3a16-4f1b-3ba5-97b2-f1e8fdd39a1b,0,0,0,0,0,0,1,20240310,20240324
IDFM:TN:5fea1efe-2fe1-323a-9740-92a0f38d24c3,1,1,1,1,1,1,1,20240304,20240325
IDFM:TN:0545f881-a6c8-38cb-b5b4-3ecc76395363,1,1,1,1,1,1,1,20240304,20240330
IDFM:TN:e8235f3b-e48f-337b-870b-e7ad3abae500,0,0,0,0,0,1,0,20240316,20240330
IDFM:TN:01a09a49-1496-3be4-8d9a-cf3f1096ad4f,1,1,1,1,1,0,0,20240304,20240329
IDFM:TN:0a8cab16-fadd-3774-9a7d-5308b1fc82c4,1,1,1,1,1,0,0,20240304,20240329
IDFM:TN:09e0565c-7fcb-328c-9278-d91fe5bb917e,1,1,1,1,1,0,0,20240304,20240308
IDFM:TN:1e8e3266-05a0-3211-9e5c-4bbef1f43a0f,1,1,1,1,1,1,1,20240309,20240329
IDFM:TN:ec9aa2e6-d87c-3764-95e3-db1f73cb1281,0,0,0,0,0,1,1,20240309,20240324
IDFM:TN:747843b2-0c22-3060-9520-87f85d5093e1,1,1,1,1,1,1,0,20240304,20240329
IDFM:TN:f694ce96-7dfd-3262-a464-316688dfc576,1,1,1,1,0,1,1,20240304,20240324
IDFM:TN:e1a15d5d-23fc-3857-97a3-034e99e86be2,1,1,1,1,1,1,1,20240304,20240330
IDFM:TN:43c65046-e139-387e-afcc-9ea3dd8be12a,1,1,1,1,1,1,1,20240304,20240310
IDFM:TN:fad85d27-db87-3902-ad8f-3e9a05aca1fd,1,1,1,1,1,1,1,20240304,20240329
IDFM:TN:26acd7c6-ce18-3a0e-a084-f52d3370f1c3,1,1,1,1,1,1,1,20240308,20240329
IDFM:TN:10651238-e821-3947-9e3a-584bcbd6548f,1,1,1,1,1,1,0,20240304,20240330
IDFM:TN:24ed98d0-4fb1-300b-b1ab-569f5a2e16bc,1,1,1,1,1,1,0,20240304,20240330
IDFM:TN:33051279-7777-3339-a980-6c554b5c4972,0,0,0,0,0,1,1,20240316,20240330
IDFM:TN:1e121890-cb83-3ad3-b01f-1d41375023ac,0,0,0,0,0,1,0,20240304,20240330
IDFM:TN:cd1804a4-f136-3997-82cb-4024a665560f,1,1,1,1,1,1,0,20240304,20240330
IDFM:TN:e46180f2-0a30-35c1-9d76-8afe931d2301,0,0,0,0,0,1,1,20240304,20240330
IDFM:TN:f25bb4d0-5a21-34e6-9491-1df48b5b7b2b,1,1,1,1,1,1,1,20240304,20240330
IDFM:TN:eae9b637-9a6d-30e6-a2e4-124de590cb50,1,1,1,1,1,1,1,20240304,20240329
IDFM:TN:80be7ccc-7952-3e82-b2d8-e8426bed8e17,1,1,1,1,1,1,1,20240304,20240330
IDFM:TN:0af664c2-be1e-3153-ac5a-3288d3a48378,1,1,1,1,1,1,0,20240304,20240330
IDFM:TN:b5e6dd1b-df50-3f1e-a0a1-7a28c25500f6,0,0,0,0,0,0,1,20240304,20240330
IDFM:TN:9b48a133-d7d2-3f71-9796-023ad9dd61b5,1,1,1,1,1,1,0,20240304,20240330
IDFM:TN:ba6258d0-75cc-3874-b91a-af0b6750390d,1,1,1,1,1,1,0,20240304,20240330
IDFM:TN:0f779006-77f3-398a-bc72-82681dd5a3d2,1,1,1,1,1,1,0,20240304,20240330
IDFM:TN:2cef0685-dca2-3122-8af5-8d4f8fd736b0,1,1,1,1,1,1,0,20240304,20240330
IDFM:TN:0f955fe2-e325-30b2-9832-437e1c02717a,0,0,0,0,0,0,1,20240310,20240324
IDFM:TN:2186106f-2bdd-357d-9fbd-4461178bfa97,1,1,1,1,1,0,0,20240304,20240329
IDFM:TN:372da141-d5c9-3857-a7eb-d6de59e7f130,1,1,1,1,1,0,0,20240309,20240329
IDFM:TN:12c794f0-0942-317d-8346-628188a6d5f6,1,1,1,1,1,0,0,20240304,20240329
IDFM:TN:08df30ae-f4dc-3334-8163-5a19af4051ed,0,0,0,0,0,1,1,20240304,20240330
IDFM:TN:ff0c502a-d25c-39e0-8db4-1b1e5447b4e1,0,0,0,0,0,1,1,20240309,20240324
IDFM:TN:51aa9f4c-5ca4-3041-b643-3094c136a75c,0,0,0,0,0,1,1,20240304,20240330
IDFM:TN:dd89ab02-49ff-3b1a-9e64-4dcc08ea0b65,0,0,0,0,0,1,0,20240309,20240330
IDFM:TN:23aa666b-7efc-3a97-8297-fd855b21ffab,1,1,1,1,1,0,0,20240304,20240329
IDFM:TN:20e88dc6-7094-3c41-b4e0-738cc262beb5,1,1,1,1,1,0,0,20240304,20240330
IDFM:TN:5af74bb8-3b85-31b8-9c1f-78407c45a171,0,0,0,0,0,1,0,20240323,20240330
IDFM:TN:018ff8ec-0a1e-3ec7-bd62-cdc80c2a552f,0,0,0,0,0,1,0,20240309,20240324
IDFM:TN:5c5ed197-8a85-395f-9600-70145faeb145,1,1,1,1,1,1,0,20240309,20240330
IDFM:TN:25324a8e-a884-3a0f-8298-4d2add1a2a90,1,1,1,1,1,0,0,20240311,20240329
IDFM:TN:5fb89866-8a06-3396-9d75-1addf500f5f5,1,1,1,1,1,0,0,20240304,20240329
IDFM:TN:54685afd-8642-3f50-9bca-6f528932b685,1,1,1,1,1,0,1,20240317,20240329
IDFM:TN:7ca5a2c5-4d74-32af-b558-fd90b719b587,1,1,1,1,1,0,1,20240311,20240329
IDFM:TN:75d2bc52-a0e2-3b72-9eab-409af5f475a7,1,1,1,1,1,1,0,20240304,20240330
IDFM:TN:c5e0b933-269c-36f2-b23c-edbfecd864ad,1,1,1,1,1,0,0,20240304,20240330
IDFM:TN:7755e6d0-68fb-3435-8276-14e750494e7b,0,0,1,0,1,0,0,20240308,20240329
IDFM:TN:f4aa0b07-e17e-3be9-a59a-c0c149e5d987,1,1,1,1,1,0,0,20240304,20240330
IDFM:TN:de6bcece-bda3-31fb-988f-415ae4d6cbd2,1,1,1,1,1,1,0,20240311,20240330
IDFM:TN:093be1fb-6b2f-3c34-ab31-17650fb117e4,0,0,0,0,0,1,1,20240309,20240324
IDFM:TN:2f8e303e-7817-3968-a2d5-4bd668a4df40,0,0,0,0,0,1,1,20240309,20240330
IDFM:TN:0cffc8aa-42a8-3767-b508-6e328385e67f,1,1,1,1,1,1,0,20240304,20240330
IDFM:TN:74d6f8ad-2969-3e14-bf54-d5f5842f9fc8,1,1,1,1,1,0,0,20240304,20240329
IDFM:TN:4971ce67-8aa4-3d36-8ac4-2d541c1b58ec,0,0,0,0,0,1,1,20240310,20240330
IDFM:TN:056cf22e-2d83-3d2d-a1ed-d9efce94ac9b,1,1,1,1,1,1,1,20240309,20240330
IDFM:TN:d4187cb3-9e1c-3839-95ae-01f78970e234,1,1,1,1,1,1,0,20240304,20240330
IDFM:TN:efbd4b2e-8702-30b1-af4c-87039b2f7ea8,0,0,0,0,0,0,1,20240309,20240324
IDFM:TN:1ce4cb81-a6b9-3ada-b998-3827cd82b6d4,1,1,1,1,1,1,1,20240304,20240330
IDFM:TN:69662958-95f5-34a8-83bc-de81be250890,0,0,0,0,0,1,1,20240309,20240330
IDFM:TN:003c464d-85e7-35c3-b813-2dc276505cd2,1,1,1,1,1,1,1,20240304,20240330
IDFM:TN:3e71d497-aab7-3298-891d-2a5558e231a6,0,1,1,1,1,1,0,20240304,20240330
IDFM:TN:0aebacee-152c-37a8-bfef-94efe0d1bd49,1,0,0,0,0,0,0,20240304,20240304
IDFM:TN:381cb387-eb35-32ed-81c0-01c2b1aeeb07,0,0,0,0,0,1,1,20240309,20240330
IDFM:TN:236093a5-f342-303e-bc39-9733ae2a8341,1,1,1,1,1,0,1,20240304,20240330
IDFM:TN:02a6b71c-2751-370b-a464-551824fdee24,1,0,0,0,0,0,1,20240304,20240325
IDFM:TN:00cbed6e-9d18-39fe-a599-3a62e19c8d2f,0,0,0,0,0,1,1,20240309,20240324
IDFM:TN:00ca640c-e775-3be2-ab74-705577566b2d,0,0,0,0,0,1,0,20240323,20240330
IDFM:TN:8ae68a76-03f9-38a4-beaa-5860a075e04a,0,0,0,0,0,0,1,20240310,20240325
IDFM:TN:7ee83b7b-b521-3a4c-830c-5d437fcbb45c,1,1,1,1,1,1,0,20240304,20240330
IDFM:TN:09395db7-ba2c-38b9-868d-cf4b56903dc2,1,1,1,1,1,1,0,20240304,20240330
IDFM:TN:0094f1cf-08ac-3337-ab19-9c7c28766676,0,0,0,0,0,1,1,20240309,20240330
IDFM:TN:cdf30195-fc4b-3dc5-9879-27d85be2ca56,0,0,0,0,0,1,1,20240310,20240330
IDFM:TN:8c58e0b9-4a61-37a5-9b52-da503c12822c,1,0,1,1,1,1,0,20240304,20240330
IDFM:TN:0f4e5809-4f96-37fa-a7ee-7067a472ead5,0,0,0,0,0,0,1,20240310,20240324
IDFM:TN:02abb4c0-b50f-39e8-80ff-1278a341fbde,1,1,1,1,1,0,1,20240304,20240329
IDFM:TN:1136926,0,0,0,0,1,0,0,20240301,20240301
IDFM:TN:1136938,0,0,0,0,0,1,0,20240302,20240302
IDFM:TN:1136985,0,0,0,0,0,0,1,20240303,20240303
